1.99181804
2.183251768
2.290284861
2.237979318
2.317888556
2.348323281
2.271469268
2.227079366
2.231858887
2.249371311
2.1630529
2.211775636
2.167120473
2.132277722
2.123740646
2.100677939
2.066357461
2.03507662
2.035003269
1.998167331
1.999651102
1.958739967
1.967174142
1.875236742
1.913143367
1.927796744
1.88573497
1.895453624
1.85822944
1.806178086
1.825484804
1.780823451
1.809241476
1.800810007
1.789497153
1.76733132
1.761325901
1.758337904
1.738812854
1.715227457
1.710801227
1.710365536
1.699343428
