-0.475656856
-0.605276922
-0.703469386
-0.786934911
 -0.872947782
-0.927213959
-0.997156235
-1.06464939
 -1.109132616
-1.164031909
-1.209592624
-1.251497662
 -1.299647557
-1.335040361
-1.378996184
-1.417663517
 -1.457466476
-1.473230523
-1.502858339
-1.537916563
 -1.561482325
-1.586970573
-1.610334413
-1.63451142
 -1.665634737
-1.684854228
-1.713772826
-1.728200272
 -1.747576285
-1.767154274
-1.793178671
-1.808812058
 -1.820761814
-1.842017381
-1.857264421
-1.875708454
 -1.895440635
-1.902949129
-1.926793457
-1.931826353
 -1.954058458
-1.981340046
-1.989184513
-1.995597038
 -2.016602565
-2.02046453
-2.035686173
-2.057237976
 -2.069557353
-2.068629066
-2.085538529
-2.090058761
 -2.094188934
-2.108393758
-2.117280515
-2.138985192
 -2.147532546
-2.160546967
-2.168752016
-2.177641365
 -2.186714597
-2.199019402
-2.206007631
-2.219164507
 -2.230488246
-2.239063384
-2.235131087
-2.244413227
 -2.261345672
-2.258795474
-2.278792939
-2.277795967
 -2.291964566
-2.285836062
-2.303780151
-2.317738277
 -2.317738277
-2.315561672
-2.328973321
-2.345319815
 -2.352545086
-2.349405981
-2.362704119
-2.35749551
 -2.370840552
-2.380598523
-2.398381488
-2.389506672
 -2.394463012